2
3
1 2 3
4
I 0 4
S 0 3
D 2
S 0 2
987
95 97 99 98 91 93 96 91 91 99 98 95 94 98 99 94 100 95 99 97 93 94 92 95 94 99 94 96 91 94 91 92 100 92 96 95 100 93 98 94 98 97 93 98 99 91 97 93 91 92 97 97 92 93 94 97 94 92 92 93 98 99 93 95 96 96 93 99 97 96 94 92 96 96 92 96 99 98 97 91 99 99 92 99 99 91 95 98 98 99 93 99 95 98 97 96 93 91 94 96 93 93 100 92 94 100 92 98 93 95 92 94 94 96 95 99 98 93 92 98 94 94 100 97 95 91 98 94 97 95 100 100 96 96 98 99 97 93 95 94 95 98 99 93 100 95 92 94 93 99 97 96 93 95 93 94 93 92 97 96 92 91 95 94 99 93 94 96 95 93 97 99 98 98 98 98 93 95 99 91 95 93 95 100 98 99 98 99 91 96 92 92 99 95 94 93 98 92 94 98 92 95 94 93 98 99 99 97 97 98 91 99 91 93 92 99 95 100 94 95 96 99 96 98 98 100 93 93 96 99 91 100 96 95 91 100 92 94 91 97 97 96 100 95 98 97 100 95 92 100 95 93 92 94 99 91 91 97 100 93 92 98 98 97 99 92 91 97 93 96 100 95 96 99 94 92 96 99 94 97 96 91 92 95 92 98 99 99 95 94 92 98 100 93 91 98 97 95 98 99 91 97 94 99 97 95 94 99 95 95 98 94 92 91 97 98 99 93 95 91 95 91 93 91 99 94 98 100 100 98 96 92 91 91 92 93 100 94 95 98 92 97 100 93 91 92 98 91 91 95 99 98 93 92 91 97 99 98 95 93 100 93 97 96 100 94 92 92 95 98 96 94 98 98 97 93 92 94 100 95 91 92 97 91 100 95 91 92 91 97 99 96 93 99 96 96 100 96 99 92 91 95 98 96 99 96 93 94 91 91 99 93 96 96 98 91 97 99 97 96 100 98 93 92 95 98 95 94 98 91 99 92 95 93 96 95 100 91 94 91 100 95 99 96 92 93 94 93 96 91 95 98 92 92 93 100 98 95 96 99 99 95 92 98 95 96 95 92 96 97 97 94 100 97 97 91 98 99 97 98 99 95 92 98 98 95 95 97 100 98 100 94 99 99 91 92 94 91 98 98 99 94 92 98 100 93 94 96 99 97 96 92 91 94 97 97 97 99 93 91 96 98 100 100 97 99 92 92 95 100 96 98 100 100 98 93 92 96 95 92 95 95 93 92 93 96 98 100 93 93 91 93 99 95 98 92 92 99 91 92 95 95 99 98 96 99 97 100 97 95 95 100 94 91 99 93 100 91 97 96 93 98 92 95 100 91 94 92 96 91 93 91 94 92 99 93 91 92 93 100 98 91 97 95 95 97 92 96 97 99 98 92 92 98 93 96 99 94 99 97 95 91 92 96 100 93 98 100 96 97 91 93 99 99 92 96 97 99 94 94 98 98 93 93 92 100 92 100 100 96 93 93 92 93 96 96 98 93 95 100 98 93 91 98 93 99 97 100 93 97 92 92 99 99 98 94 93 98 97 98 92 96 96 97 100 93 94 91 99 99 99 96 95 96 98 91 91 100 91 92 99 95 96 97 97 94 99 99 100 94 99 91 96 100 98 95 96 91 94 94 96 91 92 93 99 95 94 95 91 98 98 97 93 94 94 92 97 100 95 95 100 100 98 96 98 93 92 100 96 98 97 92 95 94 100 94 97 100 93 98 97 92 98 92 99 100 97 100 99 100 93 99 100 94 100 96 91 100 91 99 96 94 98 94 97 94 97 92 100 94 94 93 92 96 95 93 94 94 100 91 98 92 98 98 93 96 94 91 98 91 99 93 100 94 98 97 98 97 97 96 91 95 99 93 97 99 98 93 100 91 91 92 91 98 98 95 99 100 92 98 95 96 100 93 100 95 91 91 93 91 93 92 92 94 100 91 93 99 99 99 91 93 100 98 100 98 97 95 98 99 95 100 97 99 98 93 100 93 100 99 99 100 100 97 91 93 100 92 99 99 100 92 98 92 91 94 94 94 94 93 91 91 95 92 99 100 96 98 98 98 96 93 98 92 98 92 94 99 95 92 95 91 99 93 99 95 94 99 100 91 98 96 93 93 92 98 95 98 94 99 98 93 99 92 91 94 91 94 95 94 99 96 97 92 96 97 97 93 92 98 100 100 98 92 94 98 95 96 96 91 98 95 92 96 93 100 94 92 92 96 92 94 93 96 92 98 92
13
S 0 300
S 8 308
I 93 98
I 95 91
I 96 95
I 97 91
I 96 97
S 6 306
I 91 91
D 92
I 93 91
S 4 304
S 3 303
