1  Michael  462085  2.2506
2  Christopher  361250  1.7595
3  Matthew  351477  1.7119
4  Joshua  328955  1.6022
5  Jacob  298016  1.4515
6  Nicholas  275222  1.3405
7  Andrew  272600  1.3277
8  Daniel  271734  1.3235
9  Tyler  262218  1.2771
10  Joseph  260365  1.2681
11  Brandon  259299  1.2629
12  David  253193  1.2332
13  James  244775  1.1922
14  Ryan  241105  1.1743
15  John  239730  1.1676
16  Zachary  225188  1.0968
17  Justin  220012  1.0716
18  William  217588  1.0598
19  Anthony  216088  1.0525
20  Robert  205313  1.0000
21  Jonathan  197250  0.9607
22  Austin  190053  0.9257
23  Alexander  183797  0.8952
24  Kyle  180151  0.8774
25  Kevin  165085  0.8041
26  Thomas  146515  0.7136
27  Cody  146426  0.7132
28  Jordan  144661  0.7046
29  Eric  135145  0.6582
30  Benjamin  133718  0.6513
31  Aaron  128202  0.6244
32  Christian  125899  0.6132
33  Samuel  125196  0.6098
34  Dylan  122008  0.5942
35  Steven  121009  0.5894
36  Brian  119216  0.5806
37  Jose  118843  0.5788
38  Timothy  107680  0.5245
39  Nathan  107229  0.5223
40  Adam  106822  0.5203
41  Richard  94805  0.4618
42  Patrick  92874  0.4523
43  Charles  92372  0.4499
44  Sean  91953  0.4479
45  Jason  91622  0.4462
46  Cameron  81097  0.3950
47  Jeremy  77749  0.3787
48  Mark  75751  0.3689
49  Stephen  75064  0.3656
50  Jesse  73701  0.3590
51  Juan  70809  0.3449
52  Alex  70772  0.3447
53  Travis  68176  0.3321
54  Jeffrey  66961  0.3261
55  Ethan  66878  0.3257
56  Caleb  66212  0.3225
57  Luis  64656  0.3149
58  Jared  63748  0.3105
59  Logan  63541  0.3095
60  Hunter  60499  0.2947
61  Trevor  59912  0.2918
62  Bryan  59704  0.2908
63  Evan  59366  0.2891
64  Paul  58833  0.2865
65  Taylor  58384  0.2844
66  Kenneth  58223  0.2836
67  Connor  57363  0.2794
68  Dustin  56742  0.2764
69  Noah  56093  0.2732
70  Carlos  55095  0.2683
71  Devin  55039  0.2681
72  Gabriel  54756  0.2667
73  Ian  53974  0.2629
74  Nathaniel  52541  0.2559
75  Gregory  52063  0.2536
76  Derek  50732  0.2471
77  Corey  50201  0.2445
78  Jesus  49036  0.2388
79  Scott  48999  0.2387
80  Bradley  48063  0.2341
81  Dakota  46628  0.2271
82  Antonio  46507  0.2265
83  Marcus  46434  0.2262
84  Blake  45846  0.2233
85  Garrett  45305  0.2207
86  Edward  45098  0.2197
87  Luke  44381  0.2162
88  Shawn  42450  0.2068
89  Peter  42317  0.2061
90  Seth  42176  0.2054
91  Mitchell  41997  0.2045
92  Adrian  41952  0.2043
93  Victor  41016  0.1998
94  Miguel  40947  0.1994
95  Shane  40577  0.1976
96  Chase  40287  0.1962
97  Isaac  40183  0.1957
98  Spencer  38164  0.1859
99  Lucas  38141  0.1858
100  Jack  37456  0.1824
101  Tanner  37377  0.1820
102  Angel  36950  0.1800
103  Vincent  36680  0.1787
104  Isaiah  36537  0.1780
105  Dalton  35970  0.1752
106  Brett  35411  0.1725
107  George  35215  0.1715
108  Alejandro  35127  0.1711
109  Elijah  34604  0.1685
110  Cory  34156  0.1664
111  Cole  33844  0.1648
112  Joel  33756  0.1644
113  Erik  33587  0.1636
114  Jake  33065  0.1610
115  Mason  32865  0.1601
116  Jorge  32680  0.1592
117  Dillon  32648  0.1590
118  Raymond  31576  0.1538
119  Colton  30454  0.1483
120  Ricardo  29272  0.1426
121  Casey  29242  0.1424
122  Francisco  28682  0.1397
123  Brendan  28500  0.1388
124  Devon  28407  0.1384
125  Keith  28368  0.1382
126  Colin  28241  0.1375
127  Wesley  28232  0.1375
128  Phillip  27947  0.1361
129  Oscar  27846  0.1356
130  Julian  27634  0.1346
131  Johnathan  27247  0.1327
132  Eduardo  27193  0.1324
133  Chad  27099  0.1320
134  Donald  26753  0.1303
135  Bryce  26747  0.1303
136  Ronald  26675  0.1299
137  Alec  25899  0.1261
138  Dominic  25622  0.1248
139  Grant  25442  0.1239
140  Martin  25280  0.1231
141  Henry  25056  0.1220
142  Mario  24556  0.1196
143  Xavier  24270  0.1182
144  Manuel  24141  0.1176
145  Alan  24065  0.1172
146  Derrick  23970  0.1167
147  Frank  23937  0.1166
148  Tristan  23891  0.1164
149  Collin  23738  0.1156
150  Omar  23682  0.1153
151  Jeremiah  23607  0.1150
152  Jackson  23579  0.1148
153  Troy  22809  0.1111
154  Edgar  22166  0.1080
155  Javier  22075  0.1075
156  Douglas  21959  0.1070
157  Clayton  21804  0.1062
158  Jonathon  21418  0.1043
159  Nicolas  21187  0.1032
160  Andre  21079  0.1027
161  Maxwell  20899  0.1018
162  Ivan  20438  0.0995
163  Philip  20434  0.0995
164  Levi  20148  0.0981
165  Sergio  20097  0.0979
166  Roberto  20029  0.0976
167  Darius  19656  0.0957
168  Andres  19612  0.0955
169  Cristian  19503  0.0950
170  Hector  19461  0.0948
171  Fernando  19406  0.0945
172  Drew  19322  0.0941
173  Curtis  19189  0.0935
174  Gary  19187  0.0935
175  Riley  18829  0.0917
176  Johnny  18422  0.0897
177  Max  18196  0.0886
178  Dennis  18070  0.0880
179  Malik  17938  0.0874
180  Wyatt  17919  0.0873
181  Cesar  17815  0.0868
182  Edwin  17443  0.0850
183  Gavin  17270  0.0841
184  Preston  17075  0.0832
185  Marco  16979  0.0827
186  Ruben  16901  0.0823
187  Allen  16864  0.0821
188  Calvin  16845  0.0820
189  Mathew  16794  0.0818
190  Randy  16776  0.0817
191  Brent  16618  0.0809
192  Jerry  16525  0.0805
193  Hayden  16339  0.0796
194  Alexis  16245  0.0791
195  Brady  16228  0.0790
196  Parker  16227  0.0790
197  Tony  16122  0.0785
198  Pedro  16107  0.0785
199  Craig  16097  0.0784
200  Larry  15942  0.0776
201  Erick  15664  0.0763
202  Kaleb  14899  0.0726
203  Trenton  14689  0.0715
204  Carl  14684  0.0715
205  Jeffery  14660  0.0714
206  Raul  14588  0.0711
207  Zachery  14585  0.0710
208  Sebastian  14566  0.0709
209  Louis  14412  0.0702
210  Rafael  14354  0.0699
211  Marc  14304  0.0697
212  Colby  14259  0.0694
213  Emmanuel  14162  0.0690
214  Jimmy  14104  0.0687
215  Albert  13883  0.0676
216  Kristopher  13834  0.0674
217  Julio  13818  0.0673
218  Danny  13792  0.0672
219  Harrison  13776  0.0671
220  Russell  13733  0.0669
221  Micah  13727  0.0669
222  Armando  13658  0.0665
223  Jaime  13552  0.0660
224  Gerardo  13480  0.0657
225  Diego  13427  0.0654
226  Ricky  13412  0.0653
227  Chance  13225  0.0644
228  Gage  13196  0.0643
229  Lawrence  13151  0.0641
230  Alberto  13043  0.0635
231  Terry  13035  0.0635
232  Chandler  12958  0.0631
233  Abraham  12954  0.0631
234  Micheal  12866  0.0627
235  Damian  12682  0.0618
236  Conner  12627  0.0615
237  Trey  12611  0.0614
238  Darren  12511  0.0609
239  Landon  12501  0.0609
240  Skyler  12293  0.0599
241  Donovan  12228  0.0596
242  Andy  12145  0.0592
243  Rodney  12117  0.0590
244  Lance  12094  0.0589
245  Walter  12004  0.0585
246  Liam  11884  0.0579
247  Joe  11849  0.0577
248  Nolan  11788  0.0574
249  Marcos  11782  0.0574
250  Enrique  11772  0.0573
251  Arthur  11768  0.0573
252  Todd  11609  0.0565
253  Trent  11490  0.0560
254  Bobby  11383  0.0554
255  Zackary  11373  0.0554
256  Jalen  11099  0.0541
257  Dominique  10980  0.0535
258  Billy  10940  0.0533
259  Giovanni  10925  0.0532
260  Josiah  10878  0.0530
261  Josue  10729  0.0523
262  Nickolas  10725  0.0522
263  Jay  10672  0.0520
264  Roger  10651  0.0519
265  Ramon  10474  0.0510
266  Ross  10453  0.0509
267  Dallas  10437  0.0508
268  Deandre  10355  0.0504
269  Jon  10355  0.0504
270  Randall  10319  0.0503
271  Jamal  10251  0.0499
272  Arturo  10235  0.0499
273  Israel  10151  0.0494
274  Alfredo  10101  0.0492
275  Theodore  10093  0.0492
276  Morgan  10093  0.0492
277  Maurice  10083  0.0491
278  Jonah  10063  0.0490
279  Malcolm  10061  0.0490
280  Dante  10001  0.0487
281  Bryant  9965  0.0485
282  Carson  9960  0.0485
283  Kody  9955  0.0485
284  Miles  9805  0.0478
285  Gerald  9790  0.0477
286  Marvin  9750  0.0475
287  Bailey  9737  0.0474
288  Reginald  9723  0.0474
289  Carter  9722  0.0474
290  Willie  9714  0.0473
291  Branden  9678  0.0471
292  Eddie  9643  0.0470
293  Damon  9627  0.0469
294  Owen  9625  0.0469
295  Terrance  9537  0.0465
296  Avery  9447  0.0460
297  Jessie  9294  0.0453
298  Ty  9288  0.0452
299  Lorenzo  9149  0.0446
300  Brock  9103  0.0443
301  Jamie  9082  0.0442
302  Damien  9069  0.0442
303  Johnathon  9068  0.0442
304  Tommy  9034  0.0440
305  Lee  9006  0.0439
306  Dominick  8979  0.0437
307  Gustavo  8971  0.0437
308  Elias  8839  0.0431
309  Frederick  8835  0.0430
310  Marquis  8831  0.0430
311  Aidan  8774  0.0427
312  Shaun  8616  0.0420
313  Salvador  8599  0.0419
314  Roy  8561  0.0417
315  Tevin  8523  0.0415
316  Braden  8388  0.0409
317  Demetrius  8386  0.0408
318  Brennan  8299  0.0404
319  Eli  8271  0.0403
320  Marshall  8262  0.0402
321  Conor  8241  0.0401
322  Jakob  8159  0.0397
323  Zane  8139  0.0396
324  Dean  8113  0.0395
325  Quentin  8113  0.0395
326  Ernesto  8104  0.0395
327  Fabian  8070  0.0393
328  Angelo  7980  0.0389
329  Pablo  7979  0.0389
330  Ashton  7946  0.0387
331  Griffin  7939  0.0387
332  Clinton  7930  0.0386
333  Brenden  7928  0.0386
334  Tyrone  7922  0.0386
335  Terrell  7918  0.0386
336  Bruce  7893  0.0384
337  Desmond  7853  0.0382
338  Kendall  7831  0.0381
339  Quinton  7810  0.0380
340  Terrence  7718  0.0376
341  Steve  7643  0.0372
342  Zachariah  7634  0.0372
343  Darrell  7555  0.0368
344  Zackery  7503  0.0365
345  Wayne  7479  0.0364
346  Simon  7456  0.0363
347  Drake  7438  0.0362
348  Kelvin  7388  0.0360
349  Saul  7383  0.0360
350  Leonardo  7278  0.0354
351  Jerome  7223  0.0352
352  Rene  7137  0.0348
353  Nelson  7132  0.0347
354  Franklin  7115  0.0347
355  Myles  7095  0.0346
356  Francis  7070  0.0344
357  Kameron  7069  0.0344
358  Ronnie  7050  0.0343
359  Byron  7026  0.0342
360  Lane  7026  0.0342
361  Tucker  7019  0.0342
362  Neil  6968  0.0339
363  Jarrett  6894  0.0336
364  Melvin  6871  0.0335
365  Orlando  6857  0.0334
366  Brendon  6826  0.0332
367  Devonte  6771  0.0330
368  Roman  6732  0.0328
369  Ismael  6726  0.0328
370  Emilio  6722  0.0327
371  Emanuel  6599  0.0321
372  Keegan  6587  0.0321
373  Quinn  6572  0.0320
374  Oliver  6555  0.0319
375  Darryl  6543  0.0319
376  Forrest  6500  0.0317
377  Abel  6473  0.0315
378  Kyler  6451  0.0314
379  Esteban  6447  0.0314
380  Guillermo  6440  0.0314
381  Felix  6285  0.0306
382  Cooper  6272  0.0305
383  Leonard  6256  0.0305
384  Kendrick  6234  0.0304
385  Corbin  6221  0.0303
386  Peyton  6211  0.0303
387  Dale  6205  0.0302
388  Geoffrey  6167  0.0300
389  Stanley  6114  0.0298
390  Karl  6104  0.0297
391  Weston  6104  0.0297
392  Eugene  6078  0.0296
393  Jermaine  6069  0.0296
394  Ernest  6035  0.0294
395  Graham  6000  0.0292
396  Wade  5987  0.0292
397  Keenan  5984  0.0291
398  Devante  5977  0.0291
399  Warren  5955  0.0290
400  Nikolas  5945  0.0290
401  Bryson  5915  0.0288
402  Glenn  5900  0.0287
403  Moises  5890  0.0287
404  Alvin  5830  0.0284
405  Trevon  5815  0.0283
406  Clay  5802  0.0283
407  Skylar  5766  0.0281
408  Jordon  5729  0.0279
409  Kurt  5691  0.0277
410  Cedric  5661  0.0276
411  Rodolfo  5661  0.0276
412  Beau  5610  0.0273
413  Dwayne  5604  0.0273
414  Hugo  5602  0.0273
415  Harley  5545  0.0270
416  Harold  5515  0.0269
417  Jarrod  5511  0.0268
418  Devan  5504  0.0268
419  Tyrell  5497  0.0268
420  Isiah  5468  0.0266
421  Denzel  5451  0.0265
422  Dane  5443  0.0265
423  Gilbert  5420  0.0264
424  Sam  5414  0.0264
425  Dawson  5407  0.0263
426  Harry  5396  0.0263
427  Ray  5394  0.0263
428  Stefan  5392  0.0263
429  Allan  5382  0.0262
430  Joey  5379  0.0262
431  Felipe  5345  0.0260
432  Kenny  5308  0.0259
433  Lukas  5294  0.0258
434  Noel  5266  0.0256
435  Elliot  5261  0.0256
436  Brayden  5191  0.0253
437  Kristian  5187  0.0253
438  Alfonso  5186  0.0253
439  Jarred  5170  0.0252
440  Leon  5158  0.0251
441  Tyson  5135  0.0250
442  Davis  5117  0.0249
443  Chris  5115  0.0249
444  Ali  5111  0.0249
445  Braxton  5077  0.0247
446  Gilberto  5072  0.0247
447  Darian  5048  0.0246
448  Rodrigo  5031  0.0245
449  Brody  5005  0.0244
450  Donte  4991  0.0243
451  Deshawn  4989  0.0243
452  Rudy  4979  0.0243
453  Javon  4959  0.0242
454  Keaton  4950  0.0241
455  Elliott  4943  0.0241
456  Khalil  4921  0.0240
457  Jayson  4915  0.0239
458  Charlie  4907  0.0239
459  Sheldon  4833  0.0235
460  Reid  4824  0.0235
461  Payton  4796  0.0234
462  Rogelio  4773  0.0232
463  Davon  4748  0.0231
464  Grayson  4730  0.0230
465  Tristen  4727  0.0230
466  Leo  4727  0.0230
467  Alfred  4723  0.0230
468  Sterling  4708  0.0229
469  Rashad  4687  0.0228
470  Ramiro  4684  0.0228
471  Marquise  4667  0.0227
472  Ariel  4655  0.0227
473  Blaine  4620  0.0225
474  Nathanael  4595  0.0224
475  Justice  4572  0.0223
476  Tylor  4572  0.0223
477  Cade  4569  0.0223
478  Marlon  4544  0.0221
479  Jace  4532  0.0221
480  Clarence  4531  0.0221
481  Mackenzie  4525  0.0220
482  Shaquille  4521  0.0220
483  Lewis  4518  0.0220
484  Julius  4513  0.0220
485  Darnell  4510  0.0220
486  Tomas  4508  0.0220
487  Garret  4491  0.0219
488  Reed  4490  0.0219
489  Ralph  4470  0.0218
490  Tyree  4386  0.0214
491  Brad  4373  0.0213
492  Stuart  4336  0.0211
493  Stephan  4336  0.0211
494  Jaquan  4317  0.0210
495  Roderick  4311  0.0210
496  Clifford  4292  0.0209
497  Daquan  4267  0.0208
498  Santiago  4263  0.0208
499  Alonzo  4257  0.0207
500  Demarcus  4248  0.0207
501  Barry  4222  0.0206
502  Duncan  4218  0.0205
503  Quincy  4189  0.0204
504  Antoine  4165  0.0203
505  Bernard  4161  0.0203
506  Noe  4140  0.0202
507  Wilson  4137  0.0201
508  Kelly  4137  0.0201
509  Kurtis  4127  0.0201
510  Mauricio  4085  0.0199
511  Rolando  4074  0.0198
512  Bret  4006  0.0195
513  Kory  4006  0.0195
514  Jarod  4003  0.0195
515  Jaden  3998  0.0195
516  Clint  3992  0.0194
517  Damion  3973  0.0194
518  Kirk  3958  0.0193
519  Lamar  3938  0.0192
520  Howard  3913  0.0191
521  Ahmad  3907  0.0190
522  Earl  3905  0.0190
523  Adan  3897  0.0190
524  Derick  3861  0.0188
525  Dexter  3860  0.0188
526  Dorian  3859  0.0188
527  Shannon  3845  0.0187
528  Maximilian  3827  0.0186
529  Sidney  3823  0.0186
530  Deonte  3809  0.0186
531  Nigel  3784  0.0184
532  Efrain  3776  0.0184
533  Jarvis  3736  0.0182
534  Colten  3735  0.0182
535  Ezekiel  3734  0.0182
536  Walker  3709  0.0181
537  Austen  3708  0.0181
538  Deon  3673  0.0179
539  Humberto  3654  0.0178
540  Amir  3605  0.0176
541  Jaylen  3594  0.0175
542  Darien  3582  0.0174
543  Mohammad  3567  0.0174
544  Perry  3566  0.0174
545  Moses  3560  0.0173
546  Carlton  3537  0.0172
547  Gordon  3526  0.0172
548  Courtney  3522  0.0172
549  Malachi  3518  0.0171
550  Daryl  3515  0.0171
551  Leroy  3504  0.0171
552  Deangelo  3502  0.0171
553  Issac  3491  0.0170
554  Kasey  3485  0.0170
555  Markus  3484  0.0170
556  Jaron  3480  0.0169
557  Quintin  3470  0.0169
558  Jamar  3433  0.0167
559  Ben  3420  0.0167
560  Fredrick  3408  0.0166
561  Uriel  3405  0.0166
562  Norman  3401  0.0166
563  Dwight  3399  0.0166
564  Holden  3382  0.0165
565  Solomon  3363  0.0164
566  Sawyer  3360  0.0164
567  Chaz  3357  0.0164
568  Brice  3355  0.0163
569  Alvaro  3347  0.0163
570  Vicente  3347  0.0163
571  Korey  3340  0.0163
572  Deven  3299  0.0161
573  Osvaldo  3290  0.0160
574  Mike  3281  0.0160
575  Shelby  3271  0.0159
576  Stephon  3261  0.0159
577  Freddy  3255  0.0159
578  Addison  3245  0.0158
579  Dion  3241  0.0158
580  Brenton  3222  0.0157
581  Heath  3219  0.0157
582  Cullen  3218  0.0157
583  Mitchel  3203  0.0156
584  Leonel  3189  0.0155
585  Terence  3177  0.0155
586  Salvatore  3173  0.0155
587  Kareem  3162  0.0154
588  Neal  3132  0.0153
589  Dashawn  3121  0.0152
590  Toby  3116  0.0152
591  Roland  3112  0.0152
592  Glen  3102  0.0151
593  Frankie  3071  0.0150
594  Joaquin  3055  0.0149
595  Coleman  3052  0.0149
596  Aron  3036  0.0148
597  Mohammed  3036  0.0148
598  Bennett  3019  0.0147
599  Everett  3018  0.0147
600  Nathanial  2994  0.0146
601  Irvin  2983  0.0145
602  Shayne  2968  0.0145
603  Jean  2964  0.0144
604  Raheem  2951  0.0144
605  Baby  2949  0.0144
606  Clifton  2940  0.0143
607  Raphael  2939  0.0143
608  Tre  2937  0.0143
609  Jayden  2930  0.0143
610  Will  2925  0.0142
611  Triston  2921  0.0142
612  Coty  2906  0.0142
613  Darrin  2900  0.0141
614  Kent  2899  0.0141
615  Lonnie  2893  0.0141
616  Cornelius  2884  0.0140
617  Reece  2875  0.0140
618  Milton  2823  0.0137
619  Conrad  2816  0.0137
620  Agustin  2812  0.0137
621  Kaden  2810  0.0137
622  Ezra  2809  0.0137
623  Mohamed  2804  0.0137
624  Darrius  2799  0.0136
625  Vernon  2794  0.0136
626  Marcel  2788  0.0136
627  Caden  2782  0.0135
628  Reynaldo  2776  0.0135
629  Fred  2772  0.0135
630  Tate  2766  0.0135
631  Dandre  2765  0.0135
632  Adolfo  2747  0.0134
633  Lamont  2746  0.0134
634  Jamel  2724  0.0133
635  Tracy  2720  0.0132
636  Gunnar  2708  0.0132
637  Infant  2705  0.0132
638  Rory  2704  0.0132
639  Lloyd  2698  0.0131
640  Clark  2691  0.0131
641  Arnold  2690  0.0131
642  Rigoberto  2687  0.0131
643  Ignacio  2681  0.0131
644  Ahmed  2672  0.0130
645  Rickey  2669  0.0130
646  Cortez  2666  0.0130
647  Darin  2645  0.0129
648  Don  2638  0.0128
649  Kai  2631  0.0128
650  Darion  2619  0.0128
651  Guadalupe  2615  0.0127
652  Duane  2611  0.0127
653  Kristofer  2610  0.0127
654  Camron  2593  0.0126
655  Travon  2591  0.0126
656  Nestor  2584  0.0126
657  Jonas  2576  0.0125
658  Deion  2573  0.0125
659  Juwan  2573  0.0125
660  Rick  2565  0.0125
661  Dillan  2562  0.0125
662  Ezequiel  2562  0.0125
663  Sage  2560  0.0125
664  Jasper  2537  0.0124
665  Kolby  2530  0.0123
666  Winston  2516  0.0123
667  Anton  2515  0.0122
668  Jamison  2513  0.0122
669  Kerry  2510  0.0122
670  German  2483  0.0121
671  Antwan  2477  0.0121
672  Jovan  2451  0.0119
673  Brennen  2441  0.0119
674  Tristin  2432  0.0118
675  Dimitri  2417  0.0118
676  Camden  2414  0.0118
677  Trace  2408  0.0117
678  Herbert  2407  0.0117
679  Ulises  2399  0.0117
680  Pierce  2395  0.0117
681  Guy  2383  0.0116
682  Gerard  2381  0.0116
683  Brooks  2373  0.0116
684  Thaddeus  2360  0.0115
685  Johnnie  2356  0.0115
686  Pierre  2356  0.0115
687  Jefferson  2355  0.0115
688  Jameson  2348  0.0114
689  Isaias  2335  0.0114
690  Reuben  2328  0.0113
691  Reese  2327  0.0113
692  Kobe  2314  0.0113
693  Cordell  2312  0.0113
694  Robin  2304  0.0112
695  Freddie  2302  0.0112
696  Houston  2302  0.0112
697  Jimmie  2301  0.0112
698  Cyrus  2293  0.0112
699  Bradford  2292  0.0112
700  Kade  2265  0.0110
701  Jairo  2252  0.0110
702  Paris  2249  0.0110
703  Tobias  2241  0.0109
704  Elvis  2239  0.0109
705  Moshe  2237  0.0109
706  Sammy  2234  0.0109
707  Estevan  2229  0.0109
708  Brandan  2227  0.0108
709  Davion  2222  0.0108
710  Colt  2217  0.0108
711  Kolton  2208  0.0108
712  Davonte  2201  0.0107
713  Donnie  2194  0.0107
714  Ladarius  2182  0.0106
715  Trever  2173  0.0106
716  Rhett  2171  0.0106
717  Santos  2157  0.0105
718  August  2146  0.0105
719  Madison  2145  0.0104
720  Octavio  2144  0.0104
721  Bo  2135  0.0104
722  Heriberto  2130  0.0104
723  Rashawn  2127  0.0104
724  Cruz  2125  0.0103
725  Zechariah  2115  0.0103
726  Donavan  2113  0.0103
727  Keon  2113  0.0103
728  Gino  2106  0.0103
729  Nico  2106  0.0103
730  Dayton  2099  0.0102
731  Akeem  2098  0.0102
732  Jerrod  2082  0.0101
733  Hassan  2080  0.0101
734  Jackie  2072  0.0101
735  Dangelo  2062  0.0100
736  Hakeem  2050  0.0100
737  Brandyn  2047  0.0100
738  Elmer  2042  0.0099
739  Kane  2038  0.0099
740  Aldo  2035  0.0099
741  Jaylon  2024  0.0099
742  Garrison  2003  0.0098
743  Aubrey  2002  0.0098
744  Cristopher  1995  0.0097
745  Tyrese  1989  0.0097
746  Dewayne  1982  0.0097
747  Bradly  1980  0.0096
748  Kellen  1979  0.0096
749  Bernardo  1977  0.0096
750  Nick  1971  0.0096
751  Kieran  1961  0.0096
752  Herman  1947  0.0095
753  Dequan  1946  0.0095
754  Coby  1943  0.0095
755  Gene  1922  0.0094
756  Dylon  1922  0.0094
757  Dillion  1921  0.0094
758  Myron  1920  0.0094
759  Marquez  1919  0.0093
760  Elisha  1915  0.0093
761  Tariq  1913  0.0093
762  Junior  1903  0.0093
763  Arron  1899  0.0092
764  Silas  1898  0.0092
765  Lester  1896  0.0092
766  Dana  1893  0.0092
767  Loren  1891  0.0092
768  Zakary  1879  0.0092
769  Alonso  1878  0.0091
770  Gonzalo  1873  0.0091
771  River  1868  0.0091
772  Raymundo  1864  0.0091
773  Rico  1841  0.0090
774  Sonny  1833  0.0089
775  Aric  1833  0.0089
776  Devyn  1825  0.0089
777  Royce  1820  0.0089
778  Benny  1820  0.0089
779  Josh  1819  0.0089
780  Talon  1812  0.0088
781  Benito  1805  0.0088
782  Irving  1798  0.0088
783  Vance  1795  0.0087
784  Asa  1795  0.0087
785  Marques  1795  0.0087
786  Ellis  1794  0.0087
787  Hugh  1793  0.0087
788  Josef  1788  0.0087
789  Grady  1783  0.0087
790  Misael  1758  0.0086
791  Shea  1758  0.0086
792  Leland  1754  0.0085
793  Jaleel  1753  0.0085
794  Jeff  1752  0.0085
795  Jabari  1749  0.0085
796  Jamarcus  1742  0.0085
797  Ulysses  1738  0.0085
798  Jamil  1734  0.0084
799  Bronson  1724  0.0084
800  Leslie  1715  0.0084
801  Fidel  1714  0.0083
802  Quinten  1708  0.0083
803  Efren  1707  0.0083
804  Stewart  1701  0.0083
805  Vaughn  1701  0.0083
806  Dontae  1699  0.0083
807  Mikel  1698  0.0083
808  Devonta  1698  0.0083
809  Dan  1695  0.0083
810  Lincoln  1691  0.0082
811  Mateo  1681  0.0082
812  Tyron  1679  0.0082
813  Jacoby  1673  0.0081
814  Demarco  1671  0.0081
815  Julien  1671  0.0081
816  Ari  1664  0.0081
817  Floyd  1663  0.0081
818  Antony  1661  0.0081
819  Anderson  1650  0.0080
820  Emmett  1640  0.0080
821  Alexandro  1639  0.0080
822  Dusty  1625  0.0079
823  Rocky  1622  0.0079
824  Dario  1607  0.0078
825  Barrett  1607  0.0078
826  Remington  1606  0.0078
827  Rex  1600  0.0078
828  Titus  1589  0.0077
829  Kevon  1588  0.0077
830  Keven  1576  0.0077
831  Codey  1571  0.0077
832  Austyn  1570  0.0076
833  Hernan  1569  0.0076
834  Jaylin  1568  0.0076
835  Clyde  1564  0.0076
836  Orion  1561  0.0076
837  Alton  1555  0.0076
838  Davin  1543  0.0075
839  Donnell  1536  0.0075
840  Jorden  1529  0.0074
841  Axel  1529  0.0074
842  Hans  1527  0.0074
843  Ibrahim  1521  0.0074
844  Kadeem  1518  0.0074
845  Chaim  1512  0.0074
846  Asher  1503  0.0073
847  Garett  1501  0.0073
848  Jade  1500  0.0073
849  Muhammad  1495  0.0073
850  Broderick  1491  0.0073
851  Carlo  1473  0.0072
852  Amos  1472  0.0072
853  Gregorio  1467  0.0071
854  Andreas  1465  0.0071
855  Raekwon  1458  0.0071
856  Deshaun  1455  0.0071
857  Lionel  1446  0.0070
858  Maximillian  1444  0.0070
859  Cecil  1434  0.0070
860  Erich  1430  0.0070
861  Aiden  1424  0.0069
862  Javonte  1412  0.0069
863  Rasheed  1409  0.0069
864  Dejuan  1400  0.0068
865  Adonis  1395  0.0068
866  Edgardo  1394  0.0068
867  Niko  1386  0.0068
868  Denver  1382  0.0067
869  Jim  1376  0.0067
870  Jamaal  1359  0.0066
871  Dakotah  1356  0.0066
872  Abram  1355  0.0066
873  Justyn  1348  0.0066
874  Keanu  1347  0.0066
875  Justus  1347  0.0066
876  Jacques  1340  0.0065
877  Brant  1337  0.0065
878  Chadwick  1337  0.0065
879  Augustus  1321  0.0064
880  Harvey  1318  0.0064
881  Montana  1314  0.0064
882  Zion  1310  0.0064
883  Jessy  1307  0.0064
884  Tyshawn  1305  0.0064
885  Blair  1305  0.0064
886  Cale  1304  0.0064
887  Bryon  1302  0.0063
888  Dallin  1296  0.0063
889  Deondre  1296  0.0063
890  Valentin  1296  0.0063
891  Darrion  1285  0.0063
892  Kenton  1279  0.0062
893  Erin  1274  0.0062
894  Kole  1249  0.0061
895  Eliseo  1248  0.0061
896  Layne  1247  0.0061
897  Codie  1246  0.0061
898  Armani  1246  0.0061
899  Randolph  1245  0.0061
900  Giancarlo  1244  0.0061
901  Stone  1241  0.0060
902  Ted  1241  0.0060
903  Tristian  1228  0.0060
904  Ryne  1221  0.0059
905  Alexandre  1218  0.0059
906  Gunner  1217  0.0059
907  Ervin  1202  0.0059
908  Najee  1201  0.0058
909  Abdul  1191  0.0058
910  Domenic  1190  0.0058
911  Unknown  1175  0.0057
912  Kelsey  1173  0.0057
913  Tory  1152  0.0056
914  Tyquan  1146  0.0056
915  Kelton  1145  0.0056
916  Eddy  1130  0.0055
917  Destin  1122  0.0055
918  Jess  1120  0.0055
919  Kirby  1107  0.0054
920  Khalid  1106  0.0054
921  Cristobal  1103  0.0054
922  Francesco  1102  0.0054
923  Hudson  1102  0.0054
924  Wendell  1099  0.0054
925  Isidro  1098  0.0053
926  Jody  1095  0.0053
927  Darrian  1093  0.0053
928  Braeden  1086  0.0053
929  Rusty  1084  0.0053
930  Galen  1077  0.0052
931  Lyle  1074  0.0052
932  Chester  1068  0.0052
933  Keshawn  1051  0.0051
934  Tavon  1035  0.0050
935  Easton  1029  0.0050
936  Justen  1026  0.0050
937  Marcelo  1025  0.0050
938  Dionte  1020  0.0050
939  Turner  1012  0.0049
940  Maverick  1010  0.0049
941  Storm  1009  0.0049
942  Daron  1008  0.0049
943  Shelton  1007  0.0049
944  Mickey  999  0.0049
945  Syed  998  0.0049
946  Edmund  997  0.0049
947  Spenser  995  0.0048
948  Devontae  983  0.0048
949  Emerson  978  0.0048
950  Kennedy  972  0.0047
951  Auston  972  0.0047
952  Samir  968  0.0047
953  Greg  963  0.0047
954  Tom  962  0.0047
955  Forest  958  0.0047
956  Markel  956  0.0047
957  Braydon  950  0.0046
958  Rohan  950  0.0046
959  Romeo  947  0.0046
960  Trae  947  0.0046
961  Tayler  937  0.0046
962  Dominque  937  0.0046
963  Samson  925  0.0045
964  Demario  914  0.0045
965  Kegan  912  0.0044
966  Kelby  905  0.0044
967  Jerrell  902  0.0044
968  Ryder  901  0.0044
969  Greyson  899  0.0044
970  Keyshawn  896  0.0044
971  Alden  886  0.0043
972  Brayan  883  0.0043
973  Antwon  879  0.0043
974  Shamar  877  0.0043
975  Draven  875  0.0043
976  Koby  873  0.0043
977  Jerod  867  0.0042
978  Pete  864  0.0042
979  Rodrick  860  0.0042
980  Ashley  853  0.0042
981  Darrien  846  0.0041
982  Deontae  841  0.0041
983  Otis  839  0.0041
984  Shaquan  836  0.0041
985  Randal  832  0.0041
986  Nasir  829  0.0040
987  Scotty  826  0.0040
988  Wilfredo  819  0.0040
989  Gianni  816  0.0040
990  Sherman  813  0.0040
991  Seamus  806  0.0039
992  Darwin  805  0.0039
993  Genaro  798  0.0039
994  Morris  786  0.0038
995  Jaxon  779  0.0038
996  Markell  773  0.0038
997  Ronaldo  769  0.0037
998  Waylon  764  0.0037
999  Brennon  755  0.0037
1000  Derik  753  0.0037
