1  Jessica  302962  1.5436
2  Ashley  301702  1.5372
3  Emily  237133  1.2082
4  Sarah  224000  1.1413
5  Samantha  223913  1.1408
6  Amanda  190901  0.9726
7  Brittany  190779  0.9720
8  Elizabeth  172383  0.8783
9  Taylor  168977  0.8609
10  Megan  160312  0.8168
11  Hannah  158647  0.8083
12  Kayla  155844  0.7940
13  Lauren  153530  0.7822
14  Stephanie  149725  0.7628
15  Rachel  148907  0.7587
16  Jennifer  147948  0.7538
17  Nicole  136033  0.6931
18  Alexis  131117  0.6680
19  Victoria  117386  0.5981
20  Amber  115551  0.5887
21  Alyssa  115213  0.5870
22  Courtney  113257  0.5770
23  Danielle  109541  0.5581
24  Rebecca  109514  0.5580
25  Jasmine  105247  0.5362
26  Brianna  99046  0.5046
27  Katherine  96812  0.4933
28  Alexandra  94743  0.4827
29  Madison  91870  0.4681
30  Morgan  91162  0.4645
31  Melissa  89932  0.4582
32  Michelle  86458  0.4405
33  Kelsey  85120  0.4337
34  Chelsea  84781  0.4320
35  Anna  78320  0.3990
36  Kimberly  77846  0.3966
37  Tiffany  77493  0.3948
38  Olivia  75854  0.3865
39  Mary  75247  0.3834
40  Christina  74601  0.3801
41  Allison  74398  0.3791
42  Abigail  72691  0.3704
43  Sara  72064  0.3672
44  Shelby  71974  0.3667
45  Heather  71603  0.3648
46  Haley  71168  0.3626
47  Maria  70741  0.3604
48  Kaitlyn  67544  0.3441
49  Laura  67109  0.3419
50  Erin  65312  0.3328
51  Andrea  65183  0.3321
52  Natalie  63348  0.3228
53  Jordan  61736  0.3145
54  Brooke  60614  0.3088
55  Julia  59899  0.3052
56  Emma  57961  0.2953
57  Vanessa  57868  0.2948
58  Erica  55740  0.2840
59  Sydney  55737  0.2840
60  Kelly  55710  0.2838
61  Kristen  53066  0.2704
62  Katelyn  52795  0.2690
63  Marissa  51191  0.2608
64  Amy  51141  0.2606
65  Crystal  51055  0.2601
66  Paige  50539  0.2575
67  Cassandra  50342  0.2565
68  Gabrielle  49787  0.2537
69  Katie  49168  0.2505
70  Caitlin  49011  0.2497
71  Lindsey  48968  0.2495
72  Destiny  48199  0.2456
73  Kathryn  47111  0.2400
74  Jacqueline  46051  0.2346
75  Shannon  45900  0.2339
76  Jenna  45839  0.2335
77  Angela  45134  0.2300
78  Savannah  44685  0.2277
79  Mariah  44570  0.2271
80  Alexandria  44194  0.2252
81  Sierra  43603  0.2222
82  Alicia  43463  0.2214
83  Briana  42781  0.2180
84  Miranda  42207  0.2150
85  Jamie  41425  0.2111
86  Catherine  40718  0.2075
87  Brittney  40018  0.2039
88  Breanna  40011  0.2039
89  Grace  39814  0.2029
90  Monica  38866  0.1980
91  Sabrina  38638  0.1969
92  Madeline  36949  0.1883
93  Caroline  36789  0.1874
94  Molly  36540  0.1862
95  Erika  35055  0.1786
96  Mackenzie  34769  0.1771
97  Leah  34040  0.1734
98  Diana  33747  0.1719
99  Whitney  32877  0.1675
100  Cheyenne  31825  0.1621
101  Bailey  31608  0.1610
102  Christine  31581  0.1609
103  Meghan  31486  0.1604
104  Lindsay  31371  0.1598
105  Cynthia  31303  0.1595
106  Angelica  31296  0.1595
107  Margaret  31252  0.1592
108  Kaitlin  30812  0.1570
109  Alexa  30292  0.1543
110  Hailey  30281  0.1543
111  Veronica  29837  0.1520
112  Melanie  29339  0.1495
113  Bianca  28538  0.1454
114  Ariel  28127  0.1433
115  Autumn  28126  0.1433
116  Kristin  27821  0.1417
117  Bethany  27724  0.1413
118  Lisa  27418  0.1397
119  Kristina  27230  0.1387
120  Holly  27058  0.1379
121  Leslie  26756  0.1363
122  Casey  25892  0.1319
123  Chloe  25837  0.1316
124  April  25746  0.1312
125  Julie  25409  0.1295
126  Claire  25288  0.1288
127  Kaylee  25204  0.1284
128  Brenda  24911  0.1269
129  Kathleen  24835  0.1265
130  Rachael  24501  0.1248
131  Karen  24481  0.1247
132  Sophia  24471  0.1247
133  Patricia  24112  0.1228
134  Gabriela  24059  0.1226
135  Kendra  23962  0.1221
136  Dominique  23627  0.1204
137  Kara  23508  0.1198
138  Desiree  23479  0.1196
139  Ana  23474  0.1196
140  Tara  23363  0.1190
141  Michaela  23156  0.1180
142  Brandi  22949  0.1169
143  Carly  22783  0.1161
144  Kylie  22724  0.1158
145  Karina  22591  0.1151
146  Adriana  22318  0.1137
147  Valerie  21993  0.1121
148  Caitlyn  21985  0.1120
149  Natasha  21957  0.1119
150  Hayley  21847  0.1113
151  Rebekah  20879  0.1064
152  Jocelyn  20863  0.1063
153  Cassidy  20652  0.1052
154  Jade  20387  0.1039
155  Gabriella  20145  0.1026
156  Makayla  20062  0.1022
157  Daisy  19975  0.1018
158  Alison  19723  0.1005
159  Jillian  19723  0.1005
160  Audrey  19513  0.0994
161  Faith  19501  0.0994
162  Angel  19479  0.0992
163  Nancy  19432  0.0990
164  Dana  19278  0.0982
165  Krystal  19070  0.0972
166  Alejandra  18975  0.0967
167  Ariana  18847  0.0960
168  Summer  18791  0.0957
169  Mikayla  18738  0.0955
170  Isabella  18720  0.0954
171  Raven  18495  0.0942
172  Katrina  18385  0.0937
173  Kiara  17812  0.0908
174  Sandra  17620  0.0898
175  Meagan  17104  0.0871
176  Kirsten  16875  0.0860
177  Chelsey  16832  0.0858
178  Lydia  16821  0.0857
179  Zoe  16781  0.0855
180  Monique  16757  0.0854
181  Claudia  16489  0.0840
182  Mallory  16468  0.0839
183  Joanna  16259  0.0828
184  Deanna  16211  0.0826
185  Isabel  16091  0.0820
186  Ashlee  15968  0.0814
187  Felicia  15630  0.0796
188  Marisa  15529  0.0791
189  Mckenzie  15282  0.0779
190  Mercedes  15281  0.0779
191  Jasmin  15217  0.0775
192  Krista  15208  0.0775
193  Yesenia  15163  0.0773
194  Diamond  15150  0.0772
195  Evelyn  15116  0.0770
196  Cindy  15030  0.0766
197  Selena  15027  0.0766
198  Brandy  14895  0.0759
199  Gina  14874  0.0758
200  Mia  14608  0.0744
201  Bridget  14585  0.0743
202  Tori  14530  0.0740
203  Kassandra  14520  0.0740
204  Alisha  14508  0.0739
205  Priscilla  14474  0.0737
206  Anne  14463  0.0737
207  Hope  14285  0.0728
208  Cierra  14053  0.0716
209  Maya  13945  0.0710
210  Abby  13865  0.0706
211  Lacey  13842  0.0705
212  Denise  13733  0.0700
213  Tabitha  13671  0.0697
214  Amelia  13528  0.0689
215  Jazmin  13309  0.0678
216  Allyson  13260  0.0676
217  Ashleigh  13189  0.0672
218  Cristina  13106  0.0668
219  Hanna  13068  0.0666
220  Ciara  13056  0.0665
221  Colleen  12922  0.0658
222  Carolyn  12866  0.0656
223  Karla  12847  0.0655
224  Naomi  12807  0.0653
225  Meredith  12773  0.0651
226  Linda  12768  0.0651
227  Jazmine  12664  0.0645
228  Jaclyn  12657  0.0645
229  Asia  12650  0.0645
230  Kendall  12630  0.0643
231  Daniela  12155  0.0619
232  Britney  12058  0.0614
233  Tessa  12032  0.0613
234  Arianna  11949  0.0609
235  Teresa  11949  0.0609
236  Guadalupe  11859  0.0604
237  Tatiana  11669  0.0595
238  Adrianna  11559  0.0589
239  Nina  11529  0.0587
240  Nichole  11527  0.0587
241  Candace  11516  0.0587
242  Jada  11417  0.0582
243  Kasey  11407  0.0581
244  Ellen  11319  0.0577
245  Katelynn  11301  0.0576
246  Lillian  11220  0.0572
247  Carmen  11147  0.0568
248  Mayra  11134  0.0567
249  Maggie  11088  0.0565
250  Wendy  11079  0.0564
251  Renee  11077  0.0564
252  Rosa  11039  0.0562
253  Raquel  10952  0.0558
254  Aubrey  10899  0.0555
255  Justine  10898  0.0555
256  Tiara  10888  0.0555
257  Alissa  10798  0.0550
258  Heidi  10789  0.0550
259  Susan  10779  0.0549
260  Katlyn  10715  0.0546
261  Tamara  10680  0.0544
262  Theresa  10590  0.0540
263  Jordyn  10585  0.0539
264  Clarissa  10584  0.0539
265  Ashlyn  10575  0.0539
266  Ruby  10523  0.0536
267  Camille  10446  0.0532
268  Kiana  10353  0.0527
269  Carrie  10313  0.0525
270  Esmeralda  10274  0.0523
271  Kelli  10233  0.0521
272  Riley  10224  0.0521
273  Angelina  10195  0.0519
274  Ebony  10171  0.0518
275  Marina  10159  0.0518
276  Jenny  10134  0.0516
277  Jessie  10130  0.0516
278  Cecilia  10104  0.0515
279  Alexus  10043  0.0512
280  Jacquelyn  10027  0.0511
281  Miriam  9921  0.0505
282  Virginia  9865  0.0503
283  Candice  9856  0.0502
284  Cara  9835  0.0501
285  Carolina  9824  0.0501
286  Celeste  9801  0.0499
287  Marie  9773  0.0498
288  Gloria  9769  0.0498
289  Lily  9755  0.0497
290  Kelsie  9708  0.0495
291  Elise  9706  0.0495
292  Tia  9689  0.0494
293  Charlotte  9669  0.0493
294  Janet  9642  0.0491
295  Martha  9560  0.0487
296  Elena  9486  0.0483
297  Cassie  9441  0.0481
298  Callie  9394  0.0479
299  Kate  9343  0.0476
300  Shayla  9272  0.0472
301  Alana  9216  0.0470
302  Esther  9215  0.0469
303  Brenna  9199  0.0469
304  Dakota  9141  0.0466
305  Kylee  9124  0.0465
306  Skylar  9092  0.0463
307  Savanna  9044  0.0461
308  Alexia  9032  0.0460
309  Kyra  8938  0.0455
310  Madeleine  8918  0.0454
311  Vivian  8847  0.0451
312  Stacy  8833  0.0450
313  Carissa  8814  0.0449
314  Stacey  8740  0.0445
315  Hillary  8718  0.0444
316  Ashton  8685  0.0442
317  Tiana  8680  0.0442
318  Genesis  8678  0.0442
319  Barbara  8658  0.0441
320  Madelyn  8637  0.0440
321  Ruth  8625  0.0439
322  Annie  8536  0.0435
323  Sadie  8521  0.0434
324  Alondra  8512  0.0434
325  Robin  8495  0.0433
326  Arielle  8490  0.0433
327  Anastasia  8487  0.0432
328  Janelle  8482  0.0432
329  Brooklyn  8477  0.0432
330  Rose  8468  0.0431
331  Sharon  8436  0.0430
332  Serena  8434  0.0430
333  Logan  8424  0.0429
334  Tyler  8415  0.0429
335  Helen  8393  0.0428
336  Pamela  8386  0.0427
337  Carla  8386  0.0427
338  Kyla  8366  0.0426
339  Toni  8305  0.0423
340  Kennedy  8299  0.0423
341  Mckenna  8270  0.0421
342  Deja  8266  0.0421
343  Sasha  8184  0.0417
344  Liliana  8096  0.0412
345  Kellie  8084  0.0412
346  Imani  8010  0.0408
347  Eva  7983  0.0407
348  Sophie  7983  0.0407
349  Natalia  7957  0.0405
350  Melinda  7924  0.0404
351  Ann  7888  0.0402
352  Adrienne  7833  0.0399
353  Aimee  7826  0.0399
354  Sofia  7814  0.0398
355  Devon  7806  0.0398
356  Valeria  7786  0.0397
357  Devin  7775  0.0396
358  Aaliyah  7756  0.0395
359  Juliana  7704  0.0393
360  Deborah  7572  0.0386
361  Tanya  7565  0.0385
362  Marisol  7562  0.0385
363  Christian  7514  0.0383
364  Melody  7511  0.0383
365  Elisabeth  7503  0.0382
366  Kierra  7466  0.0380
367  Karissa  7446  0.0379
368  Kira  7437  0.0379
369  Nikki  7437  0.0379
370  Peyton  7365  0.0375
371  Delaney  7308  0.0372
372  Sonia  7247  0.0369
373  Chelsie  7197  0.0367
374  Tina  7185  0.0366
375  Tierra  7174  0.0366
376  Payton  7147  0.0364
377  Nadia  7124  0.0363
378  Shawna  7104  0.0362
379  Isabelle  7085  0.0361
380  Makenzie  7060  0.0360
381  Josephine  7039  0.0359
382  Sidney  6963  0.0355
383  Mikaela  6902  0.0352
384  Macy  6898  0.0351
385  Francesca  6895  0.0351
386  Regina  6891  0.0351
387  Destinee  6880  0.0351
388  Julianna  6879  0.0350
389  Kali  6848  0.0349
390  Bryanna  6842  0.0349
391  Kailey  6829  0.0348
392  Lorena  6827  0.0348
393  Brianne  6761  0.0344
394  Avery  6696  0.0341
395  Tracy  6683  0.0340
396  Jane  6680  0.0340
397  Bria  6664  0.0340
398  Cameron  6656  0.0339
399  Kayleigh  6631  0.0338
400  Alyson  6612  0.0337
401  Taryn  6574  0.0335
402  Emilee  6572  0.0335
403  Larissa  6539  0.0333
404  Kristine  6536  0.0333
405  Cortney  6522  0.0332
406  Alaina  6495  0.0331
407  Alice  6437  0.0328
408  Chasity  6428  0.0328
409  Tayler  6379  0.0325
410  Paola  6372  0.0325
411  Gianna  6363  0.0324
412  Sylvia  6348  0.0323
413  Paula  6327  0.0322
414  Kari  6316  0.0322
415  Precious  6301  0.0321
416  Leticia  6287  0.0320
417  Kaitlynn  6278  0.0320
418  Nicolette  6210  0.0316
419  Brittani  6208  0.0316
420  Joy  6170  0.0314
421  Shanice  6153  0.0313
422  Kristy  6139  0.0313
423  Clara  6134  0.0313
424  Tania  6110  0.0311
425  India  6109  0.0311
426  Robyn  6107  0.0311
427  Harley  6107  0.0311
428  Mariana  6105  0.0311
429  Giselle  6068  0.0309
430  Cheyanne  6065  0.0309
431  Lucy  6060  0.0309
432  Frances  6049  0.0308
433  Jeanette  6046  0.0308
434  Johanna  6038  0.0308
435  Josie  6036  0.0308
436  Michele  6018  0.0307
437  Christy  5982  0.0305
438  Alma  5978  0.0305
439  Noelle  5975  0.0304
440  Shania  5957  0.0304
441  Allie  5950  0.0303
442  Kaila  5936  0.0302
443  Breana  5923  0.0302
444  Irene  5923  0.0302
445  Carley  5905  0.0301
446  Daniella  5898  0.0301
447  Jaime  5871  0.0299
448  Shayna  5832  0.0297
449  Simone  5828  0.0297
450  Haylee  5770  0.0294
451  Marilyn  5741  0.0293
452  Randi  5730  0.0292
453  Marlene  5704  0.0291
454  Donna  5665  0.0289
455  Angelique  5656  0.0288
456  Abbey  5604  0.0286
457  Ciera  5603  0.0285
458  Elisa  5564  0.0283
459  Iris  5533  0.0282
460  Yvette  5528  0.0282
461  Talia  5524  0.0281
462  Kristi  5522  0.0281
463  Nora  5514  0.0281
464  Christa  5469  0.0279
465  Skyler  5455  0.0278
466  Kourtney  5447  0.0278
467  Elaine  5434  0.0277
468  Rachelle  5431  0.0277
469  Ericka  5428  0.0277
470  Meaghan  5420  0.0276
471  Hunter  5417  0.0276
472  Misty  5417  0.0276
473  Kiera  5378  0.0274
474  Stefanie  5340  0.0272
475  Trisha  5317  0.0271
476  Katharine  5315  0.0271
477  Nia  5280  0.0269
478  Kaleigh  5270  0.0269
479  Maritza  5227  0.0266
480  Kenya  5218  0.0266
481  Tasha  5216  0.0266
482  Cristal  5212  0.0266
483  Carina  5209  0.0265
484  Corinne  5202  0.0265
485  Maribel  5194  0.0265
486  Blanca  5177  0.0264
487  Chantel  5171  0.0263
488  Julianne  5167  0.0263
489  Ivy  5110  0.0260
490  Tiffani  5071  0.0258
491  Judith  5066  0.0258
492  Paris  5063  0.0258
493  Kelsi  5053  0.0257
494  Alanna  5027  0.0256
495  Haleigh  5024  0.0256
496  Janae  5017  0.0256
497  Tatyana  4999  0.0255
498  Lauryn  4979  0.0254
499  Lizbeth  4977  0.0254
500  Yvonne  4975  0.0253
501  Charity  4967  0.0253
502  Lori  4952  0.0252
503  Carol  4950  0.0252
504  Kelley  4933  0.0251
505  Kiersten  4925  0.0251
506  Yasmin  4917  0.0251
507  Diane  4910  0.0250
508  Kaley  4905  0.0250
509  Eleanor  4863  0.0248
510  Aliyah  4831  0.0246
511  Margarita  4819  0.0246
512  Leanna  4809  0.0245
513  Julissa  4808  0.0245
514  Lyndsey  4785  0.0244
515  Viviana  4784  0.0244
516  Jill  4754  0.0242
517  Chanel  4747  0.0242
518  Sandy  4745  0.0242
519  Eliza  4741  0.0242
520  Hallie  4738  0.0241
521  Shaina  4721  0.0241
522  Tianna  4716  0.0240
523  Mollie  4656  0.0237
524  Sheila  4643  0.0237
525  Lesley  4637  0.0236
526  Yolanda  4625  0.0236
527  Paulina  4621  0.0235
528  Emilie  4621  0.0235
529  Kaylin  4615  0.0235
530  Desirae  4611  0.0235
531  Moriah  4606  0.0235
532  Casandra  4604  0.0235
533  Tanisha  4590  0.0234
534  Perla  4578  0.0233
535  Kaylie  4575  0.0233
536  Anita  4569  0.0233
537  Genevieve  4561  0.0232
538  Tess  4552  0.0232
539  Stephany  4509  0.0230
540  Maranda  4500  0.0229
541  Edith  4440  0.0226
542  Justice  4435  0.0226
543  Lena  4431  0.0226
544  Fatima  4422  0.0225
545  Shana  4421  0.0225
546  Alisa  4421  0.0225
547  Bonnie  4419  0.0225
548  Beatriz  4383  0.0223
549  Georgia  4380  0.0223
550  Kassidy  4371  0.0223
551  Laurel  4361  0.0222
552  Cayla  4358  0.0222
553  Micaela  4357  0.0222
554  Lacy  4351  0.0222
555  Kathy  4313  0.0220
556  Kacie  4308  0.0219
557  Baylee  4305  0.0219
558  Dawn  4300  0.0219
559  Alina  4299  0.0219
560  Antoinette  4291  0.0219
561  Bridgette  4287  0.0218
562  Roxanne  4282  0.0218
563  Yasmine  4281  0.0218
564  Alexandrea  4270  0.0218
565  Carlie  4252  0.0217
566  Rochelle  4249  0.0216
567  Chandler  4249  0.0216
568  Heaven  4245  0.0216
569  Suzanne  4241  0.0216
570  Darian  4201  0.0214
571  Dorothy  4197  0.0214
572  Ava  4196  0.0214
573  Araceli  4174  0.0213
574  Selina  4169  0.0212
575  Sally  4152  0.0212
576  Tyra  4148  0.0211
577  Susana  4139  0.0211
578  Antonia  4121  0.0210
579  Alysha  4115  0.0210
580  Eileen  4108  0.0209
581  Katelin  4107  0.0209
582  Norma  4098  0.0209
583  Breanne  4086  0.0208
584  Noemi  4083  0.0208
585  Iesha  4062  0.0207
586  Kaylyn  4038  0.0206
587  Rosemary  4030  0.0205
588  Shauna  4024  0.0205
589  Keri  4016  0.0205
590  Celina  4007  0.0204
591  Luz  3999  0.0204
592  Aisha  3998  0.0204
593  Ryan  3997  0.0204
594  Clare  3962  0.0202
595  Lucia  3961  0.0202
596  Janice  3952  0.0201
597  Reagan  3910  0.0199
598  Joyce  3905  0.0199
599  Mara  3884  0.0198
600  Hilary  3877  0.0198
601  Charlene  3854  0.0196
602  Rocio  3851  0.0196
603  Skye  3850  0.0196
604  Rhiannon  3832  0.0195
605  Lea  3824  0.0195
606  Nathalie  3819  0.0195
607  Gillian  3814  0.0194
608  Jacklyn  3805  0.0194
609  Ella  3784  0.0193
610  Regan  3750  0.0191
611  Kiley  3739  0.0191
612  Aurora  3695  0.0188
613  Shirley  3687  0.0188
614  Karli  3666  0.0187
615  Karly  3666  0.0187
616  Ashlie  3651  0.0186
617  Juanita  3623  0.0185
618  Keisha  3613  0.0184
619  Angie  3610  0.0184
620  Blair  3561  0.0181
621  Mariela  3552  0.0181
622  Mckayla  3538  0.0180
623  Maegan  3538  0.0180
624  Celia  3533  0.0180
625  Annette  3532  0.0180
626  Trinity  3519  0.0179
627  Loren  3518  0.0179
628  Yadira  3508  0.0179
629  Thalia  3502  0.0178
630  Reyna  3492  0.0178
631  Katy  3479  0.0177
632  Eden  3478  0.0177
633  Alex  3470  0.0177
634  Ashlynn  3459  0.0176
635  Madalyn  3457  0.0176
636  Shelbi  3434  0.0175
637  Leanne  3430  0.0175
638  Jodi  3415  0.0174
639  Hailee  3411  0.0174
640  Katarina  3411  0.0174
641  Abbie  3404  0.0173
642  Essence  3391  0.0173
643  Kerri  3390  0.0173
644  Sonya  3385  0.0172
645  Jaqueline  3382  0.0172
646  Tonya  3380  0.0172
647  Mya  3365  0.0171
648  Darlene  3349  0.0171
649  Beverly  3346  0.0170
650  Kasandra  3340  0.0170
651  Keely  3340  0.0170
652  Tammy  3320  0.0169
653  Cora  3316  0.0169
654  Lizette  3315  0.0169
655  Katlin  3310  0.0169
656  Makenna  3309  0.0169
657  Jena  3301  0.0168
658  Shantel  3296  0.0168
659  Karlee  3285  0.0167
660  Phoebe  3278  0.0167
661  Lexus  3263  0.0166
662  Maura  3261  0.0166
663  Aileen  3258  0.0166
664  Halie  3251  0.0166
665  Dulce  3250  0.0166
666  Sarai  3243  0.0165
667  Jesse  3234  0.0165
668  Elaina  3221  0.0164
669  Rita  3217  0.0164
670  Ashly  3216  0.0164
671  Ellie  3210  0.0164
672  Micah  3210  0.0164
673  Shanna  3202  0.0163
674  Athena  3188  0.0162
675  Arlene  3177  0.0162
676  Kacey  3157  0.0161
677  Kelsea  3151  0.0161
678  Rylee  3151  0.0161
679  Ayanna  3142  0.0160
680  Connie  3129  0.0159
681  Silvia  3126  0.0159
682  Justina  3123  0.0159
683  Alayna  3114  0.0159
684  Kirstin  3106  0.0158
685  Sade  3105  0.0158
686  Latoya  3104  0.0158
687  Rebeca  3101  0.0158
688  Gretchen  3096  0.0158
689  Beth  3087  0.0157
690  Melina  3086  0.0157
691  Janessa  3076  0.0157
692  Anissa  3071  0.0156
693  Camryn  3069  0.0156
694  Jenifer  3059  0.0156
695  Karlie  3054  0.0156
696  Lara  3039  0.0155
697  Bailee  3039  0.0155
698  Kerry  3037  0.0155
699  Dallas  3014  0.0154
700  Brook  3007  0.0153
701  Octavia  3004  0.0153
702  Joanne  2999  0.0153
703  Elyse  2996  0.0153
704  Addison  2996  0.0153
705  Shaniqua  2995  0.0153
706  Cheryl  2986  0.0152
707  Gwendolyn  2983  0.0152
708  Alycia  2978  0.0152
709  Kailee  2974  0.0152
710  Jayla  2965  0.0151
711  Jana  2951  0.0150
712  Khadijah  2946  0.0150
713  Fiona  2945  0.0150
714  Debra  2944  0.0150
715  Savanah  2930  0.0149
716  Ali  2927  0.0149
717  Kori  2918  0.0149
718  Yessenia  2914  0.0148
719  Corina  2902  0.0148
720  Brittni  2900  0.0148
721  Constance  2892  0.0147
722  Lexi  2880  0.0147
723  Mandy  2878  0.0147
724  Carli  2866  0.0146
725  Christie  2865  0.0146
726  Elissa  2865  0.0146
727  Christiana  2862  0.0146
728  Shelbie  2859  0.0146
729  Carlee  2859  0.0146
730  Allyssa  2856  0.0146
731  Kaela  2844  0.0145
732  Tabatha  2839  0.0145
733  Fabiola  2832  0.0144
734  Dianna  2811  0.0143
735  Kalyn  2807  0.0143
736  Mindy  2800  0.0143
737  Shakira  2796  0.0142
738  Shyanne  2794  0.0142
739  Nikita  2787  0.0142
740  Alysia  2786  0.0142
741  Kaci  2782  0.0142
742  Latasha  2778  0.0142
743  Kristie  2769  0.0141
744  Shea  2747  0.0140
745  Gladys  2721  0.0139
746  Maddison  2717  0.0138
747  Jalisa  2692  0.0137
748  Stacie  2688  0.0137
749  Montana  2685  0.0137
750  Hollie  2682  0.0137
751  Nadine  2682  0.0137
752  Maricela  2677  0.0136
753  Graciela  2675  0.0136
754  Helena  2666  0.0136
755  Stevie  2665  0.0136
756  Halle  2654  0.0135
757  Maureen  2652  0.0135
758  Janette  2652  0.0135
759  Brielle  2646  0.0135
760  Destini  2644  0.0135
761  Janie  2637  0.0134
762  Kala  2635  0.0134
763  Demi  2615  0.0133
764  Baby  2614  0.0133
765  Ingrid  2608  0.0133
766  Audra  2595  0.0132
767  Jayme  2564  0.0131
768  Chantal  2560  0.0130
769  Breann  2556  0.0130
770  Destiney  2538  0.0129
771  Daphne  2517  0.0128
772  Alessandra  2516  0.0128
773  Bobbie  2510  0.0128
774  Tamia  2506  0.0128
775  Jessika  2500  0.0127
776  Adrian  2498  0.0127
777  Leigh  2497  0.0127
778  Liana  2490  0.0127
779  Kristian  2486  0.0127
780  Latisha  2486  0.0127
781  Devan  2484  0.0127
782  Macey  2475  0.0126
783  Myra  2473  0.0126
784  Judy  2468  0.0126
785  Sage  2464  0.0126
786  Jennie  2464  0.0126
787  Nataly  2463  0.0125
788  Cecelia  2444  0.0125
789  Dayna  2443  0.0124
790  Gabriel  2442  0.0124
791  Lucero  2441  0.0124
792  Magdalena  2439  0.0124
793  Aspen  2438  0.0124
794  Joelle  2434  0.0124
795  Ayla  2430  0.0124
796  Devyn  2430  0.0124
797  Jami  2418  0.0123
798  Kallie  2408  0.0123
799  Princess  2408  0.0123
800  Berenice  2397  0.0122
801  Brandie  2372  0.0121
802  Cori  2369  0.0121
803  Christen  2368  0.0121
804  Leann  2352  0.0120
805  Alysa  2340  0.0119
806  Racheal  2340  0.0119
807  Ayana  2338  0.0119
808  Staci  2323  0.0118
809  Elisha  2310  0.0118
810  Kaycee  2305  0.0117
811  Kristyn  2303  0.0117
812  Kortney  2299  0.0117
813  Jackie  2291  0.0117
814  Terri  2277  0.0116
815  Tracey  2276  0.0116
816  Darby  2271  0.0116
817  Itzel  2270  0.0116
818  Bobbi  2264  0.0115
819  Kayley  2260  0.0115
820  Martina  2259  0.0115
821  Krysta  2251  0.0115
822  Shelly  2239  0.0114
823  Catalina  2227  0.0113
824  Lacie  2227  0.0113
825  Kalie  2216  0.0113
826  Emilia  2204  0.0112
827  Chaya  2202  0.0112
828  Karley  2195  0.0112
829  Elsa  2191  0.0112
830  Bryana  2186  0.0111
831  Noel  2184  0.0111
832  Iliana  2183  0.0111
833  Domonique  2178  0.0111
834  Asha  2159  0.0110
835  Tatum  2158  0.0110
836  Celine  2149  0.0109
837  Juana  2149  0.0109
838  Monika  2145  0.0109
839  Joselyn  2140  0.0109
840  Myranda  2139  0.0109
841  Dalia  2131  0.0109
842  Annika  2129  0.0108
843  Kianna  2120  0.0108
844  Marcella  2118  0.0108
845  Lesly  2114  0.0108
846  Jaimie  2087  0.0106
847  Marisela  2086  0.0106
848  Melisa  2080  0.0106
849  Giovanna  2068  0.0105
850  Betty  2052  0.0105
851  Britany  2052  0.0105
852  Emerald  2050  0.0104
853  Kailyn  2050  0.0104
854  Lexie  2047  0.0104
855  Eliana  2046  0.0104
856  Carson  2045  0.0104
857  Kirstie  2041  0.0104
858  Patrice  2039  0.0104
859  Kaylynn  2023  0.0103
860  Infant  2013  0.0103
861  Sydnee  2007  0.0102
862  Zoey  2003  0.0102
863  Beatrice  2003  0.0102
864  Brittanie  1996  0.0102
865  Breonna  1995  0.0102
866  Marlena  1986  0.0101
867  Hali  1967  0.0100
868  Lynn  1964  0.0100
869  Malia  1960  0.0100
870  Roxana  1954  0.0100
871  Kia  1949  0.0099
872  Alecia  1943  0.0099
873  Damaris  1939  0.0099
874  Scarlett  1937  0.0099
875  Belinda  1928  0.0098
876  Jazmyn  1903  0.0097
877  Mariam  1901  0.0097
878  Terra  1896  0.0097
879  Pauline  1883  0.0096
880  Emely  1872  0.0095
881  Christin  1865  0.0095
882  Ivette  1853  0.0094
883  Eboni  1847  0.0094
884  Lyric  1839  0.0094
885  Rikki  1831  0.0093
886  Delia  1827  0.0093
887  Brooklynn  1823  0.0093
888  Dina  1821  0.0093
889  Macie  1820  0.0093
890  Aubree  1818  0.0093
891  Sherry  1812  0.0092
892  Leila  1806  0.0092
893  Alesha  1786  0.0091
894  Brionna  1785  0.0091
895  Billie  1767  0.0090
896  Ashanti  1765  0.0090
897  Griselda  1764  0.0090
898  Kayli  1764  0.0090
899  Tricia  1757  0.0090
900  Hana  1756  0.0089
901  Aleah  1748  0.0089
902  Elyssa  1741  0.0089
903  Aja  1740  0.0089
904  Yasmeen  1737  0.0088
905  Lourdes  1733  0.0088
906  Traci  1732  0.0088
907  Miracle  1727  0.0088
908  Mikala  1726  0.0088
909  Alena  1724  0.0088
910  Anjelica  1701  0.0087
911  Isis  1696  0.0086
912  Danica  1695  0.0086
913  Susanna  1694  0.0086
914  Estefania  1690  0.0086
915  Drew  1682  0.0086
916  Jocelyne  1676  0.0085
917  Sienna  1671  0.0085
918  Lilly  1670  0.0085
919  Janay  1662  0.0085
920  Katlynn  1653  0.0084
921  Lizeth  1630  0.0083
922  Lorraine  1629  0.0083
923  Mireya  1618  0.0082
924  Kimberlee  1611  0.0082
925  Abbigail  1607  0.0082
926  Kendal  1596  0.0081
927  Layla  1590  0.0081
928  Shyann  1581  0.0081
929  Blake  1576  0.0080
930  Ashely  1575  0.0080
931  Jailene  1573  0.0080
932  Leandra  1565  0.0080
933  Corey  1564  0.0080
934  Kenia  1561  0.0080
935  Kaelyn  1561  0.0080
936  Katerina  1561  0.0080
937  Yazmin  1559  0.0079
938  Stormy  1551  0.0079
939  Sheena  1551  0.0079
940  Sarina  1551  0.0079
941  Kenzie  1550  0.0079
942  Kamryn  1544  0.0079
943  Leilani  1535  0.0078
944  Esperanza  1533  0.0078
945  Anika  1532  0.0078
946  Lana  1532  0.0078
947  Maira  1528  0.0078
948  Annabelle  1525  0.0078
949  Ashli  1522  0.0078
950  Chelsi  1504  0.0077
951  Gracie  1497  0.0076
952  Jessi  1496  0.0076
953  Kinsey  1491  0.0076
954  Eryn  1491  0.0076
955  Irma  1487  0.0076
956  Marley  1486  0.0076
957  Leeann  1483  0.0076
958  Jerrica  1482  0.0076
959  Reina  1481  0.0075
960  Kimberley  1474  0.0075
961  Haylie  1473  0.0075
962  Tiffanie  1467  0.0075
963  Tiera  1467  0.0075
964  Chyna  1466  0.0075
965  Zaria  1460  0.0074
966  Maia  1458  0.0074
967  Chantelle  1453  0.0074
968  Juliette  1450  0.0074
969  Kristal  1445  0.0074
970  Amari  1443  0.0074
971  Amie  1439  0.0073
972  Dasia  1437  0.0073
973  Unique  1420  0.0072
974  Olga  1417  0.0072
975  Nayeli  1415  0.0072
976  Juliet  1400  0.0071
977  Rhonda  1396  0.0071
978  Alivia  1394  0.0071
979  Marlee  1384  0.0071
980  Tyesha  1380  0.0070
981  Kyleigh  1378  0.0070
982  Patience  1370  0.0070
983  Sydni  1366  0.0070
984  Krystle  1360  0.0069
985  Tatianna  1358  0.0069
986  Janine  1352  0.0069
987  Valentina  1346  0.0069
988  Daisha  1344  0.0068
989  Kathrine  1340  0.0068
990  Laurie  1320  0.0067
991  Mattie  1314  0.0067
992  Sydnie  1314  0.0067
993  Jamila  1312  0.0067
994  Lisette  1310  0.0067
995  Jodie  1305  0.0066
996  Jasmyn  1300  0.0066
997  Tamera  1299  0.0066
998  Madyson  1291  0.0066
999  Laken  1286  0.0066
1000  Anahi  1285  0.0065
